#         t          x          y          z         vx         vy         vz
      0.000    -98.600   -119.990   -127.780    -28.430    173.920     93.230
      0.100   -101.054   -102.207   -118.002    -20.653    181.749    102.324
      0.200   -102.632    -83.628   -107.255    -10.914    189.818    112.630
      0.300   -103.106    -64.242    -95.405      1.449    197.899    124.365
      0.400   -102.165    -44.072    -82.300     17.361    205.508    137.729
      0.500    -99.393    -23.213    -67.774     38.072    211.670    152.794
      0.600    -94.236     -1.905    -51.674     65.076    214.499    169.197
      0.700    -86.008     19.353    -33.941     99.492    210.654    185.469
      0.800    -74.029     39.658    -14.766    140.082    195.441    198.027
      0.900    -58.014     57.724      5.206    180.219    165.882    201.414
      1.000    -38.538     72.355     24.873    209.308    126.732    191.927
      1.100    -16.924     83.078     43.188    222.957     87.745    174.369
      1.200      5.454     90.213     59.626    224.610     54.948    154.395
      1.300     27.652     94.427     74.112    219.349     29.336    135.326
      1.400     49.156     96.382     86.794    210.723      9.763    118.311
      1.500     69.727     96.609     97.883    200.702     -5.221    103.471
      1.600     89.276     95.508    107.585    190.289    -16.814     90.577
      1.700    107.789     93.372    116.080    179.969    -25.898     79.326
      1.800    125.286     90.422    123.519    169.966    -33.100     69.438
      1.900    141.803     86.824    130.024    160.368    -38.871     60.674
      2.000    157.381     82.703    135.700    151.201    -43.531     52.844
      2.100    172.064     78.161    140.632    142.455    -47.317     45.792
      2.200    185.892     73.275    144.891    134.107    -50.402     39.396
      2.300    198.904     68.109    148.539    126.125    -52.917     33.557
      2.400    211.134     62.715    151.626    118.480    -54.963     28.194
      2.500    222.615     57.136    154.198    111.139    -56.617     23.241
      2.600    233.376     51.408    156.293    104.073    -57.939     18.646
      2.700    243.442     45.563    157.943     97.257    -58.977     14.362
      2.800    252.838     39.625    159.179     90.665    -59.769     10.354
      2.900    261.585     33.620    160.026     84.275    -60.347      6.590
      3.000    269.702     27.565    160.508     78.068    -60.735      3.043
      3.100    277.207     21.481    160.644     72.025    -60.953     -0.309
      3.200    284.115     15.383    160.455     66.130    -61.018     -3.485
      3.300    290.440      9.285    159.955     60.368    -60.943     -6.503
      3.400    296.194      3.200    159.161     54.727    -60.742     -9.375
      3.500    301.390     -2.858    158.087     49.192    -60.422    -12.116
      3.600    306.038     -8.878    156.744     43.755    -59.991    -14.735
      3.700    310.146    -14.851    155.145     38.404    -59.457    -17.242
      3.800    313.722    -20.765    153.301     33.131    -58.825    -19.646
      3.900    316.775    -26.611    151.221     27.926    -58.099    -21.954
      4.000    319.311    -32.380    148.915     22.781    -57.284    -24.174
      4.100    321.334    -38.064    146.390     17.688    -56.383    -26.311
      4.200    322.851    -43.653    143.656     12.641    -55.399    -28.373
      4.300    323.864    -49.139    140.719      7.630    -54.335    -30.363
      4.400    324.378    -54.516    137.587      2.649    -53.192    -32.288
      4.500    324.395    -59.774    134.265     -2.312    -51.972    -34.153
      4.600    323.916    -64.906    130.759     -7.260    -50.674    -35.963
      4.700    322.943    -69.905    127.075    -12.205    -49.300    -37.722
      4.800    321.475    -74.762    123.217    -17.157    -47.848    -39.436
      4.900    319.511    -79.471    119.190    -22.126    -46.315    -41.107
      5.000    317.048    -84.021    114.997    -27.124    -44.699    -42.742
      5.100    314.084    -88.406    110.643    -32.163    -42.994    -44.341
      5.200    310.613    -92.615    106.131    -37.255    -41.195    -45.910
      5.300    306.630    -96.640    101.463    -42.414    -39.295    -47.449
      5.400    302.126   -100.469     96.642    -47.654    -37.284    -48.962
      5.500    297.094   -104.091     91.671    -52.992    -35.151    -50.450
      5.600    291.522   -107.492     86.553    -58.444    -32.884    -51.914
      5.700    285.398   -110.660     81.290    -64.029    -30.467    -53.353
      5.800    278.709   -113.577     75.884    -69.767    -27.883    -54.767
      5.900    271.436   -116.227     70.338    -75.680    -25.109    -56.156
      6.000    263.562   -118.588     64.654    -81.796    -22.120    -57.515
      6.100    255.066   -120.639     58.836    -88.142    -18.886    -58.842
      6.200    245.921   -122.351     52.888    -94.752    -15.369    -60.130
      6.300    236.100   -123.696     46.813   -101.664    -11.524    -61.371
      6.400    225.571   -124.637     40.617   -108.923     -7.294    -62.553
      6.500    214.295   -125.132     34.306   -116.583     -2.608    -63.659
      6.600    202.231   -125.131     27.890   -124.705      2.623    -64.667
      6.700    189.328   -124.574     21.379   -133.365      8.515    -65.543
      6.800    175.527   -123.388     14.790   -142.655     15.220    -66.238
      6.900    160.760   -121.479      8.144   -152.683     22.945    -66.682
      7.000    144.946   -118.734      1.472   -163.583     31.970    -66.767
      7.100    127.992   -115.001     -5.179   -175.510     42.694    -66.239
      7.200    109.784   -110.081    -11.735   -188.636     55.694    -64.879
      7.300     90.196   -103.704    -18.089   -203.126     71.841    -62.216
      7.400     69.088    -95.487    -24.070   -219.041     92.501    -57.401
      7.500     46.335    -84.870    -29.381   -236.012    119.855    -48.819
      7.600     21.927    -71.012    -33.485   -252.147    157.288    -33.254
      7.700     -3.703    -52.721    -35.372   -260.456    208.534     -4.496
      7.800    -28.793    -28.925    -33.395   -241.352    267.392     44.043
      7.900    -49.930     -0.767    -26.452   -181.382    295.766     94.821
      8.000    -64.995     28.161    -15.740   -119.915    282.786    119.407
      8.100    -74.854     55.170     -3.482    -77.266    257.410    125.753
      8.200    -81.164     79.665      9.017    -48.945    232.475    124.227
      8.300    -85.084    101.817     21.235    -29.439    210.569    120.146
      8.400    -87.323    121.927     33.003    -15.360    191.637    115.203
      8.500    -88.331    140.268     44.266     -4.788    175.180    110.057
      8.600    -88.400    157.063     55.017      3.404    160.714    104.971
      8.700    -87.734    172.491     65.268      9.914    147.845    100.048
      8.800    -86.479    186.696     75.037     15.189    136.270     95.323
      8.900    -84.743    199.797     84.343     19.534    125.751     90.799
      9.000    -82.608    211.890     93.206     23.157    116.108     86.468
      9.100    -80.140    223.055    101.645     26.208    107.197     82.313
      9.200    -77.390    233.361    109.677     28.799     98.904     78.318
      9.300    -74.399    242.863    117.316     31.010     91.139     74.468
      9.400    -71.203    251.611    124.577     32.906     83.828     70.747
      9.500    -67.831    259.648    131.471     34.534     76.909     67.141
      9.600    -64.308    267.010    138.010     35.934     70.332     63.637
      9.700    -60.655    273.729    144.203     37.134     64.054     60.223
      9.800    -56.890    279.834    150.059     38.161     58.040     56.888
      9.900    -53.030    285.349    155.584     39.032     52.258     53.624
     10.000    -49.090    290.296    160.786     39.765     46.683     50.420
     10.100    -45.083    294.695    165.671     40.372     41.292     47.271
