#         t          x          y          z         vx         vy         vz
      0.000   -476.220    491.440   -412.410     45.330    101.980    142.020
      0.071   -472.950    498.950   -402.040     48.240    106.430    147.110
      0.143   -469.310    506.750   -391.410     58.540    111.420    150.780
      0.214   -465.100    515.040   -380.310     63.150    116.570    159.980
      0.286   -460.200    523.500   -368.460     71.810    123.800    170.880
      0.357   -454.680    532.670   -355.790     81.390    129.040    183.430
      0.429   -448.100    541.960   -342.360     96.310    133.640    191.170
      0.500   -440.900    551.430   -328.530    108.410    135.030    202.870
      0.571   -432.480    561.110   -313.990    130.050    136.890    210.530
      0.643   -422.370    570.870   -298.350    153.810    133.870    222.670
      0.714   -410.450    580.340   -281.700    177.900    126.650    235.180
      0.786   -396.700    588.860   -264.640    205.430    113.670    242.970
      0.857   -380.910    596.260   -247.170    236.440     93.190    247.580
      0.929   -362.700    601.800   -229.410    263.460     59.800    245.410
      1.000   -343.300    605.110   -212.110    280.170     32.020    237.290
      1.071   -323.070    606.340   -195.610    287.860      1.990    220.240
      1.143   -302.650    605.520   -180.450    286.570    -25.170    203.890
      1.214   -282.300    602.790   -166.470    281.440    -53.330    186.600
      1.286   -262.540    598.360   -153.560    271.240    -68.650    175.540
      1.357   -243.400    592.970   -141.350    262.720    -81.430    164.150
      1.429   -224.840    586.560   -130.160    256.690    -96.410    150.280
      1.500   -206.970    579.300   -119.820    244.560   -107.600    139.310
      1.571   -189.860    571.290   -110.350    237.020   -115.520    129.870
      1.643   -173.300    562.820   -101.420    227.440   -122.790    119.670
      1.714   -157.330    553.800    -93.080    217.690   -131.030    112.430
      1.786   -142.170    544.240    -85.400    207.540   -135.560    104.800
      1.857   -127.680    534.380    -78.190    199.090   -141.780     98.460
      1.929   -113.680    524.060    -71.440    190.690   -147.650     90.260
      2.000   -100.290    513.290    -65.170    182.510   -155.010     84.070
      2.071    -87.640    502.080    -59.300    171.140   -157.580     79.950
      2.143    -75.690    490.790    -53.860    168.150   -157.200     73.460
      2.214    -63.990    479.380    -48.940    156.660   -161.270     68.140
      2.286    -52.980    467.620    -44.130    149.970   -165.400     63.310
      2.357    -42.380    455.610    -39.880    144.110   -170.010     58.470
      2.429    -32.360    443.390    -35.730    134.610   -170.640     56.200
      2.500    -23.060    431.080    -31.830    124.320   -176.330     51.560
      2.571    -14.370    418.420    -28.180    116.460   -179.030     47.270
      2.643     -6.250    405.460    -24.910    111.430   -185.650     44.290
      2.714      1.360    392.090    -22.010    102.790   -186.960     38.350
      2.786      8.540    378.660    -19.490     97.640   -189.990     33.240
      2.857     15.210    364.890    -17.080     88.890   -195.970     29.900
      2.929     21.000    350.720    -15.070     76.870   -200.400     24.600
      3.000     26.230    336.340    -13.360     68.860   -203.270     21.760
      3.071     30.760    321.640    -11.780     58.220   -207.920     18.730
      3.143     34.520    306.550    -10.590     47.630   -213.860     15.540
      3.214     37.490    291.150     -9.830     36.780   -218.240      8.780
      3.286     39.500    275.330     -9.480     20.880   -223.210      3.250
      3.357     40.360    259.280     -9.350      4.840   -228.190     -0.960
      3.429     40.200    242.820     -9.530    -13.280   -231.920     -7.110
      3.500     38.430    226.070    -10.270    -32.210   -238.680    -14.070
      3.571     35.500    208.780    -11.490    -54.350   -244.940    -20.520
      3.643     30.870    191.180    -13.290    -79.970   -246.200    -32.180
      3.714     24.000    173.660    -16.030   -113.680   -243.070    -44.040
      3.786     14.480    156.600    -19.650   -152.040   -232.360    -56.770
      3.857      2.470    140.760    -24.240   -188.060   -210.420    -71.710
      3.929    -12.020    126.700    -29.650   -219.980   -178.970    -81.140
      4.000    -28.670    115.670    -35.700   -246.170   -128.950    -86.150
      4.071    -47.000    108.420    -41.570   -260.070    -70.270    -78.510
      4.143    -65.320    105.740    -46.970   -250.820     -1.980    -66.690
      4.214    -82.230    108.140    -51.000   -219.330     69.450    -47.060
      4.286    -96.030    115.230    -53.700   -166.160    123.710    -29.060
      4.357   -105.590    125.360    -55.000   -104.650    154.610    -10.290
      4.429   -111.040    137.010    -55.050    -46.870    169.030      6.860
      4.500   -112.600    149.110    -54.130      1.300    169.700     16.360
      4.571   -111.120    161.090    -52.680     39.510    165.450     25.650
      4.643   -107.030    172.690    -50.650     71.780    160.420     30.740
      4.714   -100.840    183.830    -48.220    100.630    153.760     39.510
      4.786    -92.710    194.450    -45.020    125.210    145.920     49.600
      4.857    -82.890    204.630    -41.160    148.540    137.670     59.540
      4.929    -71.630    214.210    -36.410    167.300    129.800     71.990
      5.000    -59.140    223.270    -30.860    183.180    123.050     85.700
      5.071    -45.270    232.010    -24.010    206.190    120.570    106.490
      5.143    -29.770    240.410    -15.130    230.550    113.370    144.480
      5.214    -12.350    247.810     -2.580    255.410     86.410    213.290
      5.286      5.480    250.990     15.330    232.280     -6.200    277.150
      5.357     20.080    247.500     34.740    179.680    -81.360    260.140
      5.429     31.580    240.460     51.960    142.150   -112.800    221.170
      5.500     40.850    231.730     66.430    117.820   -131.770    184.230
      5.571     48.620    221.930     78.680     94.440   -142.630    156.870
      5.643     54.300    211.380     88.310     77.550   -149.660    128.610
      5.714     59.330    200.390     96.750     62.900   -157.990    104.540
      5.786     63.340    188.900    103.440     50.520   -162.110     81.840
      5.857     66.430    177.130    108.410     33.820   -167.460     58.110
      5.929     68.700    165.200    111.960     20.190   -167.590     36.580
      6.000     69.910    153.200    113.750      6.920   -168.650     11.760
      6.071     69.670    141.230    113.540     -3.980   -166.230    -11.150
      6.143     68.890    129.590    111.840    -18.610   -160.970    -36.440
      6.214     67.000    118.260    108.060    -32.000   -155.320    -65.930
      6.286     64.120    107.620    102.270    -47.020   -142.230    -98.350
      6.357     60.180     98.100     94.130    -63.950   -125.620   -129.620
      6.429     55.120     89.880     83.650    -76.690   -102.630   -162.510
      6.500     49.230     83.620     70.770    -89.340    -71.790   -197.680
      6.571     42.300     80.070     55.540   -102.230    -25.920   -228.460
      6.643     34.840     80.290     38.150   -107.500     34.600   -254.380
      6.714     27.170     85.580     19.890    -99.800    115.470   -253.700
      6.786     20.860     96.460      2.760    -75.980    186.310   -217.880
      6.857     16.650    111.340    -10.510    -39.590    224.760   -151.790
      6.929     15.000    127.710    -19.090     -8.110    231.360    -89.830
      7.000     15.500    143.840    -23.520     19.790    216.570    -37.570
      7.071     17.470    158.520    -24.660     39.330    195.260      4.150
      7.143     21.080    171.690    -23.190     55.180    172.510     36.190
      7.214     25.410    182.980    -19.750     66.210    145.860     62.150
      7.286     30.460    192.430    -14.340     77.240    119.970     85.980
      7.357     36.240    199.940     -7.610     85.850     91.230    104.280
      7.429     42.680    205.410      0.480     93.250     64.460    121.330
      7.500     49.540    208.970      9.620     99.230     32.720    134.490
      7.571     56.760    210.330     19.580    103.350      2.690    144.650
      7.643     64.140    209.350     30.210    103.240    -29.860    153.590
      7.714     71.600    206.000     41.520    102.660    -64.650    161.590
      7.786     78.920    200.130     53.100    104.920   -101.470    162.880
      7.857     86.310    191.540     64.730    102.300   -140.140    161.730
      7.929     93.640    179.900     76.160     96.010   -186.160    156.800
      8.000    100.260    165.050     86.920     89.770   -231.280    142.980
      8.071    106.070    146.540     96.280     72.860   -283.660    115.400
      8.143    110.340    124.710    103.010     45.610   -328.100     67.990
      8.214    112.440    100.320    105.360     10.080   -353.010     -5.300
      8.286    111.520     75.610    102.010    -36.070   -327.960    -88.900
      8.357    107.570     54.300     93.260    -72.330   -263.550   -149.310
      8.429    101.840     38.220     81.350    -84.440   -187.380   -178.410
      8.500     95.640     27.570     68.290    -86.690   -115.420   -181.250
      8.571     89.520     21.610     55.640    -80.690    -51.920   -172.460
      8.643     84.160     19.670     43.940    -74.500     -4.730   -153.280
      8.714     79.310     20.890     33.980    -57.380     37.470   -126.280
      8.786     75.770     24.810     26.050    -40.820     70.340    -96.870
      8.857     73.560     30.750     20.210    -23.130     95.220    -65.140
      8.929     72.800     38.320     16.860     -1.150    116.070    -29.980
      9.000     73.180     47.160     15.800     16.780    131.780      3.570
      9.071     75.150     56.950     17.340     37.540    140.550     40.920
      9.143     78.610     67.190     21.710     61.270    143.800     83.840
      9.214     83.940     77.410     29.270     85.340    140.510    127.810
      9.286     91.120     87.050     40.040    116.260    128.080    175.520
      9.357    100.680     95.230     54.630    149.480     97.480    229.620
      9.429    112.630    100.190     73.140    179.850     37.870    281.290
      9.500    126.640     99.880     94.150    208.750    -55.670    310.120
      9.571    141.770     91.630    115.880    204.910   -173.210    287.180
      9.643    155.300     76.220    133.690    166.230   -245.890    206.290
      9.714    165.550     57.940    145.540    119.580   -259.340    125.400
      9.786    172.390     39.910    152.010     75.870   -242.270     59.910
      9.857    176.680     23.680    154.600     44.250   -211.900     11.680
      9.929    178.720      9.690    154.000     14.090   -179.000    -25.460
     10.000    178.960     -1.650    150.930     -7.690   -141.010    -58.200
     10.071    177.640    -10.160    145.810    -30.150    -99.490    -84.800
     10.143    174.800    -15.630    139.150    -47.350    -54.120   -103.660
     10.214    170.930    -17.770    131.240    -62.370     -1.900   -119.520
     10.286    165.890    -15.940    122.420    -74.710     53.800   -123.990
     10.357    160.090     -9.790    113.500    -85.400    119.270   -124.260
     10.429    154.080      1.440    105.220    -83.160    195.100   -103.630
     10.500    148.750     18.200     99.510    -60.350    274.340    -50.730
     10.571    146.360     39.910     99.110     -1.830    317.700     42.970
     10.643    148.820     61.540    105.650     67.450    274.330    135.320
     10.714    155.380     78.250    117.250    112.270    192.660    180.020
     10.786    164.440     89.060    130.730    135.370    108.510    192.790
     10.857    174.380     94.270    144.300    141.750     36.830    186.160
     10.929    184.520     94.720    157.050    137.510    -22.460    169.990
     11.000    194.180     91.040    168.330    131.820    -78.580    144.640
     11.071    203.000     83.660    177.590    117.560   -124.560    113.740
     11.143    210.640     73.190    184.360     96.540   -166.380     78.060
     11.214    216.370     60.100    188.330     66.270   -198.590     34.010
     11.286    219.900     45.060    188.940     31.220   -222.500    -14.520
     11.357    220.630     28.690    185.630    -12.080   -234.280    -77.900
     11.429    217.750     12.270    177.590    -69.460   -219.010   -146.570
